319
32 500
33 501
34 502
35 503
36 504
37 505
38 506
39 507
40 508
41 509
42 510
43 511
44 512
45 513
46 514
47 515
48 516
49 517
50 518
51 519
52 520
53 521
54 522
55 523
56 524
57 525
58 526
59 527
60 528
61 529
62 530
63 531
64 532
65 533
66 534
67 535
68 536
69 537
70 538
71 539
72 540
73 541
74 542
75 543
76 544
77 545
78 546
79 547
80 548
81 549
82 550
83 551
84 552
85 553
86 554
87 555
88 556
89 557
90 558
91 559
92 560
93 561
94 562
95 563
96 564
97 564
98 565
99 566
100 567
101 568
102 569
103 570
104 571
105 572
106 573
107 574
108 575
109 576
110 577
111 578
112 579
113 580
114 581
115 582
116 583
117 584
118 585
119 586
120 587
121 588
122 589
123 590
124 591
125 592
126 593
127 594
128 595
129 596
130 597
131 598
132 599
133 600
134 601
135 602
136 603
137 604
138 604
139 605
140 606
141 607
142 608
143 609
144 610
145 611
146 612
147 613
148 614
149 615
150 616
151 617
152 618
153 619
154 620
155 621
156 622
157 623
158 624
159 625
160 626
161 627
162 628
163 629
164 630
165 631
166 632
167 632
168 633
169 634
170 635
171 636
172 637
173 638
174 639
175 640
176 641
177 642
178 643
179 644
180 645
181 646
182 647
183 648
184 649
185 650
186 651
187 652
188 653
189 654
190 655
191 656
192 656
193 657
194 658
195 659
196 660
197 661
198 662
199 663
200 664
201 665
202 666
203 667
204 668
205 669
206 670
207 671
208 672
209 673
210 674
211 675
212 676
213 676
214 677
215 678
216 679
217 680
218 681
219 682
220 683
221 684
222 685
223 686
224 687
225 688
226 689
227 690
228 691
229 692
230 693
231 694
232 694
233 695
234 696
235 697
236 698
237 699
238 700
239 701
240 702
241 703
242 704
243 705
244 706
245 707
246 708
247 709
248 710
249 710
250 711
251 712
252 713
253 714
254 715
255 716
256 717
257 718
258 719
259 720
260 721
261 722
262 723
263 724
264 725
265 725
266 726
267 727
268 728
269 729
270 730
271 731
272 732
273 733
274 734
275 735
276 736
277 737
278 738
279 739
280 740
281 740
282 741
283 742
284 743
285 744
286 745
287 746
288 747
289 748
290 749
291 750
292 751
293 752
294 753
295 753
296 754
297 755
298 756
299 757
300 758
301 759
302 760
303 761
304 762
305 763
306 764
307 765
308 766
309 766
310 767
311 768
312 769
313 770
314 771
315 772
316 773
317 774
318 775
319 776
320 777
321 778
322 778
323 779
324 780
325 781
326 782
327 783
328 784
329 785
330 786
331 787
332 788
333 789
334 789
335 790
336 791
337 792
338 793
339 794
340 795
341 796
342 797
343 798
344 799
345 800
346 800
347 801
348 802
349 803
350 804
