319
32 3092
33 3096
34 3100
35 3104
36 3108
37 3112
38 3116
39 3120
40 3123
41 3127
42 3131
43 3135
44 3139
45 3143
46 3146
47 3150
48 3154
49 3158
50 3162
51 3165
52 3169
53 3173
54 3177
55 3179
56 3183
57 3187
58 3191
59 3194
60 3198
61 3202
62 3205
63 3209
64 3213
65 3217
66 3220
67 3224
68 3228
69 3231
70 3235
71 3239
72 3242
73 3246
74 3249
75 3253
76 3257
77 3260
78 3264
79 3266
80 3270
81 3274
82 3277
83 3281
84 3284
85 3288
86 3292
87 3295
88 3299
89 3302
90 3306
91 3309
92 3313
93 3316
94 3320
95 3323
96 3327
97 3330
98 3334
99 3337
100 3341
101 3344
102 3348
103 3351
104 3354
105 3357
106 3360
107 3364
108 3367
109 3371
110 3374
111 3378
112 3381
113 3384
114 3388
115 3391
116 3394
117 3398
118 3401
119 3405
120 3408
121 3411
122 3415
123 3418
124 3421
125 3425
126 3428
127 3431
128 3435
129 3438
130 3440
131 3444
132 3447
133 3450
134 3453
135 3457
136 3460
137 3463
138 3466
139 3470
140 3473
141 3476
142 3479
143 3483
144 3486
145 3489
146 3492
147 3496
148 3499
149 3502
150 3505
151 3508
152 3512
153 3515
154 3518
155 3521
156 3524
157 3526
158 3530
159 3533
160 3536
161 3539
162 3542
163 3545
164 3548
165 3552
166 3555
167 3558
168 3561
169 3564
170 3567
171 3570
172 3573
173 3576
174 3579
175 3583
176 3586
177 3589
178 3592
179 3595
180 3598
181 3601
182 3604
183 3607
184 3610
185 3612
186 3615
187 3618
188 3621
189 3624
190 3627
191 3630
192 3633
193 3636
194 3639
195 3642
196 3645
197 3648
198 3651
199 3654
200 3657
201 3660
202 3663
203 3666
204 3669
205 3672
206 3674
207 3677
208 3680
209 3683
210 3686
211 3689
212 3692
213 3695
214 3698
215 3700
216 3703
217 3705
218 3708
219 3711
220 3714
221 3717
222 3720
223 3723
224 3725
225 3728
226 3731
227 3734
228 3737
229 3740
230 3742
231 3745
232 3748
233 3751
234 3754
235 3756
236 3759
237 3762
238 3765
239 3768
240 3770
241 3773
242 3776
243 3779
244 3781
245 3784
246 3786
247 3789
248 3792
249 3794
250 3797
251 3800
252 3802
253 3805
254 3808
255 3811
256 3813
257 3816
258 3819
259 3821
260 3824
261 3827
262 3830
263 3832
264 3835
265 3838
266 3840
267 3843
268 3846
269 3848
270 3851
271 3854
272 3856
273 3859
274 3862
275 3864
276 3867
277 3869
278 3872
279 3874
280 3876
281 3879
282 3882
283 3884
284 3887
285 3889
286 3892
287 3895
288 3897
289 3900
290 3902
291 3905
292 3907
293 3910
294 3913
295 3915
296 3918
297 3920
298 3923
299 3925
300 3928
301 3930
302 3933
303 3936
304 3938
305 3941
306 3943
307 3946
308 3948
309 3951
310 3953
311 3956
312 3958
313 3960
314 3962
315 3965
316 3967
317 3970
318 3972
319 3975
320 3977
321 3980
322 3982
323 3984
324 3987
325 3989
326 3992
327 3994
328 3997
329 3999
330 4002
331 4004
332 4006
333 4009
334 4011
335 4014
336 4016
337 4019
338 4021
339 4023
340 4026
341 4028
342 4031
343 4033
344 4035
345 4038
346 4040
347 4043
348 4045
349 4047
350 4049
